Sample 1:
Sample 1:
torch.Size([1000, 512])
[[    1   202 26873 ...     0     0     0]
 [    1   565   632 ...     0     0     0]
 [    1   565  1783 ...     0     0     0]
 ...
 [    1   565  3238 ...     0     0     0]
 [    1   202   482 ...     0     0     0]
 [    1   565  1071 ...     0     0     0]]Sample 1:
torch.Size([1000, 512])
[[    1   225  1783 ...     0     0     0]
 [    1   202 26873 ...     0     0     0]
 [    1   565  3238 ...     0     0     0]
 ...
 [    1   565  1783 ...     0     0     0]
 [    1   225  1071 ...     0     0     0]
 [    1   225   632 ...     0     0     0]]Sample 1:
torch.Size([1000, 512])
[[   1  565 3238 ...    0    0    0]
 [   1  565 3238 ...    0    0    0]
 [   1  565 1071 ...    0    0    0]
 ...
 [   1  565  632 ...    0    0    0]
 [   1  225 3238 ...    0    0    0]
 [   1 3639  632 ...    0    0    0]]Sample 1:
torch.Size([1000, 512])
[[   1  565  632 ...    0    0    0]
 [   1  565 1071 ...    0    0    0]
 [   1  565  632 ...    0    0    0]
 ...
 [   1  565 1071 ...    0    0    0]
 [   1  202  482 ...    0    0    0]
 [   1 3639 1783 ...    0    0    0]]Sample 1:
torch.Size([582, 512])
[[   1  565 1783 ...    0    0    0]
 [   1  565 1071 ...    0    0    0]
 [   1  565 1071 ...    0    0    0]
 ...
 [   1  565 3238 ...    0    0    0]
 [   1  565 3238 ...    0    0    0]
 [   1  225 1071 ...    0    0    0]]Sample One:
[    1   202 26873   203   202   380 14291   392  1520   598   326  2112
   883    18   203   202   380   203   202   380   632   891   883   326
  1520   883   203   202  1195   203   202   482  1956 11194  1941  2402
   503    12   780   883    13   288   203   202   202  9565    12  8723
    67  6307   397  6398   315   397   883  1769   203   202    97   203
     2     0     0     0     0     0     0     0     0     0     0     0
     0     0     0     0     0     0     0     0     0     0     0     0
     0     0     0     0     0     0     0     0     0     0     0     0
     0     0     0     0     0     0     0     0     0     0     0     0
     0     0     0     0     0     0     0     0     0     0     0     0
     0     0     0     0     0     0     0     0     0     0     0     0
     0     0     0     0     0     0     0     0     0     0     0     0
     0     0     0     0     0     0     0     0     0     0     0     0
     0     0     0     0     0     0     0     0     0     0     0     0
     0     0     0     0     0     0     0     0     0     0     0     0
     0     0     0     0     0     0     0     0     0     0     0     0
     0     0     0     0     0     0     0     0     0     0     0     0
     0     0     0     0     0     0     0     0     0     0     0     0
     0     0     0     0     0     0     0     0     0     0     0     0
     0     0     0     0     0     0     0     0     0     0     0     0
     0     0     0     0     0     0     0     0     0     0     0     0
     0     0     0     0     0     0     0     0     0     0     0     0
     0     0     0     0     0     0     0     0     0     0     0     0
     0     0     0     0     0     0     0     0     0     0     0     0
     0     0     0     0     0     0     0     0     0     0     0     0
     0     0     0     0     0     0     0     0     0     0     0     0
     0     0     0     0     0     0     0     0     0     0     0     0
     0     0     0     0     0     0     0     0     0     0     0     0
     0     0     0     0     0     0     0     0     0     0     0     0
     0     0     0     0     0     0     0     0     0     0     0     0
     0     0     0     0     0     0     0     0     0     0     0     0
     0     0     0     0     0     0     0     0     0     0     0     0
     0     0     0     0     0     0     0     0     0     0     0     0
     0     0     0     0     0     0     0     0     0     0     0     0
     0     0     0     0     0     0     0     0     0     0     0     0
     0     0     0     0     0     0     0     0     0     0     0     0
     0     0     0     0     0     0     0     0     0     0     0     0
     0     0     0     0     0     0     0     0     0     0     0     0
     0     0     0     0     0     0     0     0     0     0     0     0
     0     0     0     0     0     0     0     0     0     0     0     0
     0     0     0     0     0     0     0     0     0     0     0     0
     0     0     0     0     0     0     0     0     0     0     0     0
     0     0     0     0     0     0     0     0][[    1   202 26873   203   202   380 14291   392  1520   598   326  2112
    883    18   203   202   380   203   202   380   632   891   883   326
   1520   883   203   202  1195   203   202   482  1956 11194  1941  2402
    503    12   780   883    13   288   203   202   202  9565    12  8723
     67  6307   397  6398   315   397   883  1769   203   202    97   203
      2     0     0     0     0     0     0     0     0     0     0     0
      0     0     0     0     0     0     0     0     0     0     0     0
      0     0     0     0     0     0     0     0     0     0     0     0
      0     0     0     0     0     0     0     0     0     0     0     0
      0     0     0     0     0     0     0     0     0     0     0     0
      0     0     0     0     0     0     0     0     0     0     0     0
      0     0     0     0     0     0     0     0     0     0     0     0
      0     0     0     0     0     0     0     0     0     0     0     0
      0     0     0     0     0     0     0     0     0     0     0     0
      0     0     0     0     0     0     0     0     0     0     0     0
      0     0     0     0     0     0     0     0     0     0     0     0
      0     0     0     0     0     0     0     0     0     0     0     0
      0     0     0     0     0     0     0     0     0     0     0     0
      0     0     0     0     0     0     0     0     0     0     0     0
      0     0     0     0     0     0     0     0     0     0     0     0
      0     0     0     0     0     0     0     0     0     0     0     0
      0     0     0     0     0     0     0     0     0     0     0     0
      0     0     0     0     0     0     0     0     0     0     0     0
      0     0     0     0     0     0     0     0     0     0     0     0
      0     0     0     0     0     0     0     0     0     0     0     0
      0     0     0     0     0     0     0     0     0     0     0     0
      0     0     0     0     0     0     0     0     0     0     0     0
      0     0     0     0     0     0     0     0     0     0     0     0
      0     0     0     0     0     0     0     0     0     0     0     0
      0     0     0     0     0     0     0     0     0     0     0     0
      0     0     0     0     0     0     0     0     0     0     0     0
      0     0     0     0     0     0     0     0     0     0     0     0
      0     0     0     0     0     0     0     0     0     0     0     0
      0     0     0     0     0     0     0     0     0     0     0     0
      0     0     0     0     0     0     0     0     0     0     0     0
      0     0     0     0     0     0     0     0     0     0     0     0
      0     0     0     0     0     0     0     0     0     0     0     0
      0     0     0     0     0     0     0     0     0     0     0     0
      0     0     0     0     0     0     0     0     0     0     0     0
      0     0     0     0     0     0     0     0     0     0     0     0
      0     0     0     0     0     0     0     0     0     0     0     0
      0     0     0     0     0     0     0     0     0     0     0     0
      0     0     0     0     0     0     0     0]]Sample One:
[    1   225  1783   203   282   380 10708   394  3853   628   501  5550
    16   471   845  2182   358   203   282   380  7243  8808  3853    18
  1220   707  1552   411   351    34   902  1757   351    34   770   203
   282   380   326   394  3853    18   203   282   380   632   891   845
   454   971   638    16   777  3607  3853   854  8494    18   971   629
    16   203   282   380  1171  1338   326  2202  3796   845   364  1517
  1409   353  8494    18   203   282   380   632   891  2581    67  1467
  1021  2581   963   358   999    18   203   282   380   632  9256   404
    18    20   203   282  1195   203   225  1071   918  1692  6499    12
  2532    32  8597    34  5550    16  1250   845   454    16   203 12900
   509  2581    67  1467    13   288   203   565   364   261  8597  1084
   294  5550    13   288   203  1377  1084    18   542  3328    12  4901
  1769   203   203  1377  2200    32  2115    34  2581   273   394  2407
    12  5303    67  1467  1769   203  1377  5059  3198   518   273  1084
    18   588  6499  5621   203  1377  1323   261   305    18  5332  2134
 10756   288   203  3639  2581    18  1289    12   305    18  4285 10663
   203  3639   309   261  5303    18  1467  1435   422  2581    67  1467
    13   288   203  1850  1692  4497    12  5303    16   845   454  1769
   203  1850  2581    18  8507  5621   203  3639   289   203  1377   289
   203  1377   518    18  4412  5621   203   203  1377   309 16051  5303
    18   291  1921 10756   203  3639  1692  4497    12  5303    16   845
   454  1769   203   565   289   203   203   565   679  7798  5621   203
   225   289   203     2     0     0     0     0     0     0     0     0
     0     0     0     0     0     0     0     0     0     0     0     0
     0     0     0     0     0     0     0     0     0     0     0     0
     0     0     0     0     0     0     0     0     0     0     0     0
     0     0     0     0     0     0     0     0     0     0     0     0
     0     0     0     0     0     0     0     0     0     0     0     0
     0     0     0     0     0     0     0     0     0     0     0     0
     0     0     0     0     0     0     0     0     0     0     0     0
     0     0     0     0     0     0     0     0     0     0     0     0
     0     0     0     0     0     0     0     0     0     0     0     0
     0     0     0     0     0     0     0     0     0     0     0     0
     0     0     0     0     0     0     0     0     0     0     0     0
     0     0     0     0     0     0     0     0     0     0     0     0
     0     0     0     0     0     0     0     0     0     0     0     0
     0     0     0     0     0     0     0     0     0     0     0     0
     0     0     0     0     0     0     0     0     0     0     0     0
     0     0     0     0     0     0     0     0     0     0     0     0
     0     0     0     0     0     0     0     0     0     0     0     0
     0     0     0     0     0     0     0     0     0     0     0     0
     0     0     0     0     0     0     0     0     0     0     0     0
     0     0     0     0     0     0     0     0][[    1   225  1783   203   282   380 10708   394  3853   628   501  5550
     16   471   845  2182   358   203   282   380  7243  8808  3853    18
   1220   707  1552   411   351    34   902  1757   351    34   770   203
    282   380   326   394  3853    18   203   282   380   632   891   845
    454   971   638    16   777  3607  3853   854  8494    18   971   629
     16   203   282   380  1171  1338   326  2202  3796   845   364  1517
   1409   353  8494    18   203   282   380   632   891  2581    67  1467
   1021  2581   963   358   999    18   203   282   380   632  9256   404
     18    20   203   282  1195   203   225  1071   918  1692  6499    12
   2532    32  8597    34  5550    16  1250   845   454    16   203 12900
    509  2581    67  1467    13   288   203   565   364   261  8597  1084
    294  5550    13   288   203  1377  1084    18   542  3328    12  4901
   1769   203   203  1377  2200    32  2115    34  2581   273   394  2407
     12  5303    67  1467  1769   203  1377  5059  3198   518   273  1084
     18   588  6499  5621   203  1377  1323   261   305    18  5332  2134
  10756   288   203  3639  2581    18  1289    12   305    18  4285 10663
    203  3639   309   261  5303    18  1467  1435   422  2581    67  1467
     13   288   203  1850  1692  4497    12  5303    16   845   454  1769
    203  1850  2581    18  8507  5621   203  3639   289   203  1377   289
    203  1377   518    18  4412  5621   203   203  1377   309 16051  5303
     18   291  1921 10756   203  3639  1692  4497    12  5303    16   845
    454  1769   203   565   289   203   203   565   679  7798  5621   203
    225   289   203     2     0     0     0     0     0     0     0     0
      0     0     0     0     0     0     0     0     0     0     0     0
      0     0     0     0     0     0     0     0     0     0     0     0
      0     0     0     0     0     0     0     0     0     0     0     0
      0     0     0     0     0     0     0     0     0     0     0     0
      0     0     0     0     0     0     0     0     0     0     0     0
      0     0     0     0     0     0     0     0     0     0     0     0
      0     0     0     0     0     0     0     0     0     0     0     0
      0     0     0     0     0     0     0     0     0     0     0     0
      0     0     0     0     0     0     0     0     0     0     0     0
      0     0     0     0     0     0     0     0     0     0     0     0
      0     0     0     0     0     0     0     0     0     0     0     0
      0     0     0     0     0     0     0     0     0     0     0     0
      0     0     0     0     0     0     0     0     0     0     0     0
      0     0     0     0     0     0     0     0     0     0     0     0
      0     0     0     0     0     0     0     0     0     0     0     0
      0     0     0     0     0     0     0     0     0     0     0     0
      0     0     0     0     0     0     0     0     0     0     0     0
      0     0     0     0     0     0     0     0     0     0     0     0
      0     0     0     0     0     0     0     0     0     0     0     0
      0     0     0     0     0     0     0     0]]